Cumulative Return Statistics:
Mean: 0.026362698703079675
Median: 0.0158604282315621
Max: 0.6105656848994856
Min: -0.2354467927326659
P-Value: 1.662482103608581e-14

Excess Return Statistics:
Mean: 0.02546474751469915
Median: 0.0140928846469875
Max: 0.6284374729265912
Min: -0.1792893413332006
P-Value: 7.746380826143764e-15
